<?xml version="1.0" encoding="UTF-8" standalone="no" ?>
<COLLADA xmlns="http://www.collada.org/2005/11/COLLADASchema" version="1.4.1">
    <asset>
        <contributor>
            <authoring_tool>Google SketchUp 8.0.14346</authoring_tool>
        </contributor>
        <created>2014-05-22T15:25:49Z</created>
        <modified>2014-05-22T15:25:49Z</modified>
        <unit meter="0.02539999969303608" name="inch" />
        <up_axis>Z_UP</up_axis>
    </asset>
    <library_visual_scenes>
        <visual_scene id="ID1">
            <node name="SketchUp">
                <node id="ID2" name="instance_0">
                    <matrix>0.01899999999999999 0 0 -5.947916428798804 0 0.01899999999999999 0 -5.503662878946152 0 0 0.01899999999999999 6.667999999490677 0 0 0 1</matrix>
                    <instance_node url="#ID3" />
                </node>
            </node>
        </visual_scene>
    </library_visual_scenes>
    <library_nodes>
        <node id="ID3" name="Component_5">
            <node id="ID4" name="instance_1">
                <matrix>-0.1518220801935613 -0.5877836484106491 -0.7946448506262194 589.295231748495 0.1103110395114848 -0.809018159644225 0.5773396677240938 247.5724296679308 -0.9822329308914437 -5.19018289540929e-006 0.1876658451755847 330.3205191041159 0 0 0 1</matrix>
                <instance_node url="#ID5" />
            </node>
            <node id="ID14" name="instance_2">
                <matrix>0.3618830388387666 0.5877264633456044 -0.723614725170852 -2.295714149070861 0.2628832428154971 -0.8090597037816603 -0.5256565384008274 229.0470444567638 -0.8943897734475882 -8.326672684688674e-017 -0.4472884227792755 228.2407533677564 0 0 0 1</matrix>
                <instance_node url="#ID15" />
            </node>
            <node id="ID30" name="instance_3">
                <matrix>0.3618352766982705 -0.5878734298933479 -0.7235192208657052 111.8614264676919 -0.2629489792508385 -0.8089529222553258 0.5257879837781679 566.1476754311984 -0.8943897734475883 -2.775557561562891e-017 -0.4472884227792755 228.2407533677564 0 0 0 1</matrix>
                <instance_node url="#ID15" />
            </node>
            <node id="ID31" name="instance_4">
                <matrix>-0.4472884227792755 1.613605655610641e-016 0.8943897734475883 573.5201743131316 2.775557561562891e-017 1 -1.665334536937735e-016 221.9590590775451 -0.8943897734475884 -4.966418285590368e-017 -0.4472884227792754 228.2407533677564 0 0 0 1</matrix>
                <instance_node url="#ID15" />
            </node>
            <node id="ID32" name="instance_5">
                <matrix>0.1876658445720855 5.766715899556214e-005 0.982232929327634 -0.003460029541813015 -1.592012468110146e-005 0.9999999983237804 -5.56685625398012e-005 199.0491472739366 -0.9822329308914437 -5.190182895633695e-006 0.1876658451755847 330.3205191041159 0 0 0 1</matrix>
                <instance_node url="#ID5" />
            </node>
            <node id="ID33" name="instance_6">
                <matrix>0.05797147096589375 0.9510835491528871 0.3034458618679755 84.03812674656554 -0.1784874730238934 0.3089337833643481 -0.9341852811245396 554.6974437306051 -0.9822329308914437 -5.190182895811746e-006 0.1876658451755847 330.3205191041159 0 0 0 1</matrix>
                <instance_node url="#ID5" />
            </node>
            <node id="ID34" name="instance_7">
                <matrix>-0.1518407938859989 0.5876903369437662 -0.7947102875733976 448.2509289286228 -0.1102852790923348 -0.8090859458895481 -0.5772495901943467 584.659650042385 -0.9822329308914437 -5.190182895339901e-006 0.1876658451755849 330.3205191041159 0 0 0 1</matrix>
                <instance_node url="#ID5" />
            </node>
            <node id="ID35" name="instance_8">
                <matrix>-0.1382815456337237 -0.9510115966780752 0.2765052569499659 467.7395145821069 -0.4253764771229366 0.3091552085665358 0.8505750464989328 561.7346767695412 -0.8943897734475883 1.387778780781446e-017 -0.4472884227792754 228.2407533677564 0 0 0 1</matrix>
                <instance_node url="#ID15" />
            </node>
            <node id="ID36" name="instance_9">
                <matrix>0.05800175313596859 -0.9510479121600778 0.303551750792367 312.2735527749374 0.1784776347488913 0.3090434738819429 0.9341508792188886 9.228794428705953 -0.9822329308914437 -5.190182895437045e-006 0.1876658451755847 330.3205191041159 0 0 0 1</matrix>
                <instance_node url="#ID5" />
            </node>
            <node id="ID37" name="instance_10">
                <matrix>0.7947325327922296 -6.178917184301849e-012 0.6069598020640642 38.99863051835395 7.695386762976696e-011 1 -9.058066902996956e-011 199.038448901068 -0.6069598020640641 1.186953087848299e-010 0.7947325327922297 126.1542258448907 0 0 0 1</matrix>
                <instance_node url="#ID5" />
            </node>
            <node id="ID38" name="instance_11">
                <matrix>-0.05797147096589381 -0.9510835491528871 -0.3034458618679754 489.5433952914306 -0.1784874730238931 0.308933783364348 -0.9341852811245396 554.6760408689813 0.9822329308914438 5.190182895652151e-006 -0.1876658451755844 228.2401305458086 0 0 0 1</matrix>
                <instance_node url="#ID5" />
            </node>
            <node id="ID39" name="instance_12">
                <matrix>0.1518407938859991 -0.5876903369437665 0.7947102875733973 125.3305931093806 -0.1102852790923349 -0.8090859458895479 -0.5772495901943471 584.6382471807617 0.9822329308914437 5.190182895423168e-006 -0.187665845175585 228.2401305458097 0 0 0 1</matrix>
                <instance_node url="#ID5" />
            </node>
            <node id="ID40" name="instance_13">
                <matrix>0.1382815456337234 0.951011596678075 -0.2765052569499661 105.8420074558948 -0.4253764771229363 0.3091552085665359 0.8505750464989328 561.7132739079179 0.8943897734475884 2.914335439641036e-016 0.4472884227792751 330.3198962821692 0 0 0 1</matrix>
                <instance_node url="#ID15" />
            </node>
            <node id="ID41" name="instance_14">
                <matrix>-0.05800175313596845 0.9510479121600779 -0.3035517507923668 261.3079692630618 0.1784776347488913 0.3090434738819426 0.9341508792188886 9.207391567082425 0.9822329308914437 5.190182895332962e-006 -0.1876658451755846 228.2401305458102 0 0 0 1</matrix>
                <instance_node url="#ID5" />
            </node>
            <node id="ID42" name="instance_15">
                <matrix>-0.7947325327922296 6.178917184301883e-012 -0.6069598020640641 534.5828915196466 7.695386762976706e-011 1 -9.058066902996962e-011 199.0170460394444 0.6069598020640641 -1.1869530878483e-010 -0.7947325327922296 432.4064238050318 0 0 0 1</matrix>
                <instance_node url="#ID5" />
            </node>
            <node id="ID43" name="instance_16">
                <matrix>-0.2455858586395565 0.9510565162951536 -0.1875608937086782 249.254725741125 0.7558355540980093 0.3090169943749475 0.5772530747850798 46.29651726061962 0.6069598019618985 1.387778780781446e-015 -0.7947325328702564 432.4064238051149 0 0 0 1</matrix>
                <instance_node url="#ID5" />
            </node>
            <node id="ID44" name="instance_17">
                <matrix>0.6429151290788835 0.5877852522597812 0.491089232245412 15.8453089499521 0.467105183223807 -0.8090169943986996 0.3567972121241257 270.4720765446902 0.607019673986714 1.194637444523749e-010 -0.794686803333907 432.3939796312725 0 0 0 1</matrix>
                <instance_node url="#ID5" />
            </node>
            <node id="ID45" name="instance_18">
                <matrix>0.6429240631236546 -0.5877852523251602 0.491077535838913 156.9119125938014 -0.4671116740874005 -0.809016994351199 -0.3567887144827012 561.7274432847012 0.6070052166067746 1.194536691784265e-010 -0.7946978463618502 432.3969845412651 0 0 0 1</matrix>
                <instance_node url="#ID5" />
            </node>
            <node id="ID46" name="instance_19">
                <matrix>-0.2455797177628148 -0.9510565163063922 -0.1875689340340923 477.5070132982148 -0.755816654311979 0.309016994340359 -0.5772778207011741 517.569567932215 0.6069858213238449 -1.040152408648964e-010 -0.7947126604703222 432.4010158153455 0 0 0 1</matrix>
                <instance_node url="#ID5" />
            </node>
            <node id="ID47" name="instance_20">
                <matrix>0.1382042681678255 -0.9510677430608351 -0.2763507343383864 290.5442517310048 0.4254015907499258 0.3089824398071348 -0.8506252632494894 16.29629209547244 0.8943897734475884 -1.249000902703301e-016 0.4472884227792752 330.3198962821683 0 0 0 1</matrix>
                <instance_node url="#ID15" />
            </node>
            <node id="ID48" name="instance_21">
                <matrix>-1 2.77555756156287e-017 -4.440892098500629e-016 369.4008364765397 -2.775557561562898e-017 -1 6.106226635438365e-016 416.1418910474355 -4.440892098500629e-016 6.106226635438365e-016 1 558.5606496231086 0 0 0 1</matrix>
                <instance_node url="#ID15" />
            </node>
            <node id="ID49" name="instance_22">
                <matrix>-0.3618352766982705 0.5878734298933482 0.723519220865705 461.7200955703083 -0.2629489792508385 -0.8089529222553256 0.5257879837781684 566.1262725695751 0.8943897734475883 2.775557561562891e-016 0.4472884227792754 330.3198962821688 0 0 0 1</matrix>
                <instance_node url="#ID15" />
            </node>
            <node id="ID50" name="instance_23">
                <matrix>0.4472884227792754 -1.613605655610642e-016 -0.8943897734475884 0.06134772486792883 2.775557561562894e-017 1 -1.665334536937736e-016 221.9376562159213 0.8943897734475883 4.96641828559037e-017 0.4472884227792754 330.319896282169 0 0 0 1</matrix>
                <instance_node url="#ID15" />
            </node>
            <node id="ID51" name="instance_24">
                <matrix>-0.1876658445720856 -5.766715899556217e-005 -0.9822329293276338 573.5849820675414 -1.592012468110148e-005 0.9999999983237805 -5.566856253980122e-005 199.0277444123131 0.9822329308914437 5.190182895633713e-006 -0.1876658451755847 228.2401305458095 0 0 0 1</matrix>
                <instance_node url="#ID5" />
            </node>
            <node id="ID52" name="instance_25">
                <matrix>0.2455858586395568 -0.9510565162951536 0.1875608937086778 324.3267962968749 0.7558355540980095 0.3090169943749474 0.5772530747850797 46.31792012224406 -0.6069598019618981 -1.748601263784622e-015 0.7947325328702566 126.1542258448103 0 0 0 1</matrix>
                <instance_node url="#ID5" />
            </node>
            <node id="ID53" name="instance_26">
                <matrix>-0.6429151290788837 -0.5877852522597808 -0.491089232245412 557.736213088047 0.4671051832238067 -0.8090169943986998 0.3567972121241253 270.493479406314 -0.6070196739867138 -1.19463883230253e-010 0.7946868033339071 126.1666700186524 0 0 0 1</matrix>
                <instance_node url="#ID5" />
            </node>
            <node id="ID54" name="instance_27">
                <matrix>-0.6429240631236548 0.58778525232516 -0.491077535838913 416.6696094441922 -0.4671116740874004 -0.8090169943511991 -0.3567887144827008 561.7488461463249 -0.6070052166067744 -1.19453558156124e-010 0.7946978463618503 126.1636651086576 0 0 0 1</matrix>
                <instance_node url="#ID5" />
            </node>
            <node id="ID55" name="instance_28">
                <matrix>0.2455797177628151 0.9510565163063921 0.187568934034092 96.07450873977967 -0.7558166543119795 0.309016994340359 -0.5772778207011736 517.5909707938388 -0.6069858213238444 1.040153796427745e-010 0.7947126604703226 126.1596338345776 0 0 0 1</matrix>
                <instance_node url="#ID5" />
            </node>
            <node id="ID56" name="instance_29">
                <matrix>0.1518220801935609 0.5877836484106493 0.7946448506262192 -15.71370971049329 0.1103110395114847 -0.8090181596442246 0.5773396677240942 247.5510268063072 0.9822329308914437 5.190182895506434e-006 -0.1876658451755843 228.2401305458094 0 0 0 1</matrix>
                <instance_node url="#ID5" />
            </node>
            <node id="ID57" name="instance_30">
                <matrix>-0.3618830388387664 -0.587726463345605 0.7236147251708517 575.877236187073 0.2628832428154973 -0.8090597037816599 -0.5256565384008279 229.02564159514 0.8943897734475883 2.775557561562891e-017 0.4472884227792754 330.319896282169 0 0 0 1</matrix>
                <instance_node url="#ID15" />
            </node>
            <node id="ID58" name="instance_31">
                <matrix>-0.1382042681678259 0.9510677430608349 0.2763507343383865 283.0372703069955 0.4254015907499261 0.308982439807135 -0.8506252632494892 16.31769495709597 -0.8943897734475883 -6.938893903907228e-017 -0.4472884227792754 228.2407533677564 0 0 0 1</matrix>
                <instance_node url="#ID15" />
            </node>
            <node id="ID59" name="instance_32">
                <matrix>1 0 -1.694818351060773e-032 204.1806855614599 6.644493069289223e-047 1 3.920475055707587e-015 221.9564096161798 -1.694818351060773e-032 3.920475055707587e-015 -1 2.681618394007046e-008 0 0 0 1</matrix>
                <instance_node url="#ID60" />
            </node>
        </node>
        <node id="ID5" name="Component_3">
            <instance_geometry url="#ID6">
                <bind_material>
                    <technique_common>
                        <instance_material symbol="Material2" target="#ID7">
                            <bind_vertex_input semantic="UVSET0" input_semantic="TEXCOORD" input_set="0" />
                        </instance_material>
                    </technique_common>
                </bind_material>
            </instance_geometry>
        </node>
        <node id="ID15" name="Component_4">
            <instance_geometry url="#ID16">
                <bind_material>
                    <technique_common>
                        <instance_material symbol="Material2" target="#ID17">
                            <bind_vertex_input semantic="UVSET0" input_semantic="TEXCOORD" input_set="0" />
                        </instance_material>
                    </technique_common>
                </bind_material>
            </instance_geometry>
            <instance_geometry url="#ID24">
                <bind_material>
                    <technique_common>
                        <instance_material symbol="Material2" target="#ID17">
                            <bind_vertex_input semantic="UVSET0" input_semantic="TEXCOORD" input_set="0" />
                        </instance_material>
                    </technique_common>
                </bind_material>
            </instance_geometry>
        </node>
        <node id="ID60" name="Component_4">
            <instance_geometry url="#ID61">
                <bind_material>
                    <technique_common>
                        <instance_material symbol="Material2" target="#ID17">
                            <bind_vertex_input semantic="UVSET0" input_semantic="TEXCOORD" input_set="0" />
                        </instance_material>
                    </technique_common>
                </bind_material>
            </instance_geometry>
            <instance_geometry url="#ID67">
                <bind_material>
                    <technique_common>
                        <instance_material symbol="Material2" target="#ID17">
                            <bind_vertex_input semantic="UVSET0" input_semantic="TEXCOORD" input_set="0" />
                        </instance_material>
                    </technique_common>
                </bind_material>
            </instance_geometry>
        </node>
    </library_nodes>
    <library_geometries>
        <geometry id="ID6">
            <mesh>
                <source id="ID9">
                    <float_array id="ID12" count="528">0.3004069736253034 180.0000010424249 -0.000789142114120726 104.2234554277578 239.9049015053495 -0.5035712411728038 0.3827655886207719 179.9524512738871 -0.5035712411728038 104.2234554277578 240.0000010424249 -0.0007891421141207238 0.3004069736254167 120.0000010424246 -0.0007891421141207268 0.3827655886210433 60.04755081096213 -0.5035712411728044 0.3004069736255308 60.00000104242437 -0.000789142114120729 0.3827655886208854 120.0000010424246 -0.5035712411728044 208.0641452668948 179.9524512738864 -0.5035712411728038 208.1465038818903 180.0000010424243 -0.0007891421141207256 104.2234554277578 239.7447864909773 -0.99382134798291 0.5214292585942245 179.8723937667011 -0.99382134798291 0.5214292585945165 60.12760831814809 -0.9938213479829093 0.5214292585943379 120.0000010424247 -0.9938213479829093 104.2234554277575 1.042424869979186e-006 -0.0007891421141207297 104.2234554277575 0.09510057950031126 -0.5035712411728044 208.0641452668951 60.04755081096263 -0.5035712411728044 208.1465038818906 60.00000104242488 -0.0007891421141207284 207.9254815969213 179.8723937667004 -0.99382134798291 0.7146205359218107 179.760854730731 -1.46525523620305 104.2234554277578 239.5217084190371 -1.465255236203051 0.714620535922075 60.23914735411831 -1.465255236203052 0.7146205359219239 120.0000010424247 -1.465255236203052 104.2234554277575 0.2552155938723502 -0.9938213479829093 207.9254815969216 60.12760831814859 -0.99382134798291 207.7322903195937 179.7608547307303 -1.46525523620305 104.2234554277578 239.2385267954752 -1.911829873476028 0.9598630158112766 179.6192639189501 -1.911829873476028 0.9598630158115209 60.38073816589919 -1.911829873476028 0.9598630158113894 120.0000010424246 -1.911829873476027 104.2234554277575 0.4782936658126999 -1.46525523620305 207.732290319594 60.2391473541188 -1.46525523620305 207.4870478397043 179.6192639189493 -1.911829873476027 1.254013079871233 179.4494363002829 -2.327820883488685 104.2234554277578 238.898871558141 -2.327820883488685 1.254013079871481 60.55056578456632 -2.327820883488685 1.254013079871347 120.0000010424247 -2.327820883488685 104.2234554277575 0.7614752893744594 -1.911829873476027 207.4870478397046 60.38073816589968 -1.911829873476027 207.1928977756444 179.4494363002822 -2.327820883488688 1.593300192297184 179.2535487945912 -2.707895923368297 104.2234554277578 238.5070965467575 -2.707895923368294 1.593300192297461 60.74645329025807 -2.707895923368297 1.593300192297297 120.0000010424246 -2.707895923368294 104.2234554277575 1.101130526708786 -2.327820883488685 207.1928977756447 60.5505657845668 -2.327820883488685 206.8536106632184 179.2535487945905 -2.707895923368294 1.973375232141306 179.0341123680249 -3.047183035833999 104.2234554277579 238.0682236936249 -3.047183035833999 1.973375232141418 120.0000010424246 -3.047183035834002 1.973375232141572 60.96588971682431 -3.047183035833999 104.2234554277575 1.492905538092224 -2.707895923368294 206.8536106632187 60.74645329025857 -2.707895923368294 206.473535623374 179.0341123680241 -3.047183035833999 2.389366242123193 178.7939398464314 -3.341333099937467 104.2234554277578 237.5878786504381 -3.341333099937467 2.389366242123306 120.0000010424246 -3.341333099937467 2.389366242123454 61.20606223841781 -3.341333099937467 104.2234554277575 1.931778391224682 -3.047183035834002 206.4735356233743 60.96588971682482 -3.047183035833999 206.0575446133924 178.7939398464308 -3.341333099937467 2.835940879370521 178.5361098594036 -3.586575579873642 104.2234554277578 237.0722186763821 -3.586575579873645 2.835940879370629 120.0000010424246 -3.586575579873642 2.835940879370787 61.46389222544579 -3.586575579873642 104.2234554277575 2.412123434411697 -3.341333099937467 206.0575446133927 61.20606223841832 -3.341333099937467 205.610969976145 178.5361098594029 -3.586575579873643 3.307374767570459 178.2639273771461 -3.779766857250538 104.2234554277578 236.5278537118672 -3.779766857250539 3.307374767570567 120.0000010424246 -3.779766857250538 3.307374767570756 61.73607470770318 -3.779766857250541 104.2234554277575 2.927783408467754 -3.586575579873643 205.6109699761453 61.46389222544629 -3.586575579873643 205.1395360879451 178.2639273771454 -3.779766857250539 3.79762487436606 177.9808813460174 -3.91843052727527 104.2234554277578 235.9617616496099 -3.918430527275268 3.79762487436617 120.0000010424246 -3.918430527275267 3.797624874366291 62.01912073883186 -3.918430527275267 104.2234554277575 3.472148372982439 -3.779766857250539 205.1395360879454 61.73607470770363 -3.779766857250539 204.6492859811495 177.9808813460168 -3.918430527275268 4.300406973416121 177.6905999657872 -4.000789142323325 104.2234554277579 235.3811988891495 -4.000789142323325 4.300406973416308 62.30940211906206 -4.000789142323321 4.30040697341623 120.0000010424246 -4.000789142323326 104.2234554277575 4.038240435239779 -3.918430527275268 204.6492859811498 62.01912073883234 -3.918430527275268 204.1465038820995 177.6905999657866 -4.000789142323325 104.2234554277579 235.3811988891495 -4.000789142323325 12.31753821768196 173.0619070837818 -6.839585224709099 4.300406973416121 177.6905999657872 -4.000789142323325 104.2234554277578 226.1238131251386 -6.839585224709099 4.30040697341623 120.0000010424246 -4.000789142323326 4.300406973416308 62.30940211906206 -4.000789142323321 12.31753821768212 66.93809500106748 -6.839585224709095 12.31753821768204 120.0000010424246 -6.839585224709095 104.2234554277575 4.618803195700295 -4.000789142323326 204.1465038820998 62.30940211906257 -4.000789142323326 196.1293726378337 173.061907083781 -6.839585224709099 204.1465038820995 177.6905999657866 -4.000789142323325 20.41483685323606 168.3869295368358 -9.440913998971219 104.2234554277578 216.7738580312466 -9.440913998971219 20.41483685323611 120.0000010424246 -9.44091399897121 20.41483685323617 71.61307254801342 -9.440913998971221 104.2234554277575 4.618803195700295 -4.000789142323326 104.2234554277575 13.87618895971112 -6.839585224709095 196.129372637834 66.93809500106799 -6.839585224709095 204.1465038820998 62.30940211906257 -4.000789142323326 188.0320740022796 168.3869295368351 -9.440913998971219 28.58527080310726 163.6697272964817 -11.80251634821254 104.2234554277577 207.3394535505383 -11.80251634821254 28.58527080310739 76.3302747883676 -11.80251634821254 28.58527080310733 120.0000010424247 -11.80251634821254 104.2234554277575 23.22614405360293 -9.440913998971221 188.0320740022798 71.6130725480139 -9.440913998971219 179.8616400524084 163.6697272964811 -11.80251634821254 36.82174447615951 158.9143970041718 -13.92234134529765 104.2234554277577 197.8287929659184 -13.92234134529765 36.82174447615957 120.0000010424247 -13.92234134529765 36.82174447615966 81.08560508067758 -13.92234134529764 104.2234554277575 32.66054853431136 -11.80251634821253 179.8616400524087 76.33027478836807 -11.80251634821253 171.6251663793562 158.914397004171 -13.92234134529765 45.11710492923881 154.1250684135613 -15.79854803397485 104.2234554277577 188.2501357846976 -15.79854803397485 45.11710492923895 85.87493367128798 -15.79854803397485 45.11710492923894 120.0000010424248 -15.79854803397484 104.2234554277575 42.17120911893126 -13.92234134529765 171.6251663793564 81.08560508067815 -13.92234134529765 163.3298059262769 154.1250684135606 -15.79854803397485 53.46414807912741 149.3059008040358 -17.42950702764961 104.2234554277577 178.6118005656464 -17.42950702764959 53.4641480791275 90.6941012808135 -17.42950702764959 53.46414807912746 120.0000010424247 -17.42950702764959 104.2234554277575 51.74986630015189 -15.79854803397485 163.329805926277 85.8749336712884 -15.79854803397485 154.9827627763883 149.3059008040352 -17.42950702764959 61.85562495890979 144.4610793685949 -18.81380192442083 104.2234554277577 168.9221576947646 -18.81380192442083 61.85562495890992 95.53892271625438 -18.81380192442085 61.85562495890989 120.0000010424247 -18.81380192442084 104.2234554277575 61.38820151920308 -17.42950702764959 154.9827627763885 90.69410128081397 -17.42950702764959 146.5912858966059 144.4610793685943 -18.81380192442085 70.28424801331893 139.5948115792339 -19.95023053715147 104.2234554277576 159.1896221160426 -19.95023053715147 70.28424801331904 100.4051905056154 -19.95023053715147 70.28424801331902 120.0000010424248 -19.95023053715147 104.2234554277575 71.07784439008483 -18.81380192442084 146.591285896606 95.53892271625486 -18.81380192442084 138.1626628421968 139.5948115792335 -19.95023053715147 78.74269742759327 134.711323532976 -20.83780593750446 104.2234554277576 149.4226460235265 -20.83780593750446 78.74269742759337 105.2886785518735 -20.83780593750447 78.74269742759336 120.0000010424247 -20.83780593750447 104.2234554277575 80.8103799688068 -19.95023053715147 138.1626628421969 100.4051905056159 -19.95023053715145 129.7042134279225 134.7113235329754 -20.83780593750446 87.22362748435036 129.8148562817287 -21.47575731303799 104.2234554277576 139.6297115210324 -21.47575731303796 87.22362748435042 110.1851458031206 -21.47575731303799 87.22362748435047 120.0000010424248 -21.47575731303797 104.2234554277575 90.57735606132303 -20.83780593750446 129.7042134279225 105.2886785518739 -20.83780593750446 121.2232833711654 129.8148562817284 -21.47575731303796 95.71967294295472 124.9096621491563 -21.8635306366155 104.2234554277576 129.8193232558873 -21.8635306366155 95.71967294295475 115.0903399356931 -21.86353063661552 95.71967294295473 120.0000010424247 -21.8635306366155 104.2234554277575 100.3702905638172 -21.47575731303799 121.2232833711655 110.1851458031211 -21.47575731303799 112.7272379125611 124.9096621491558 -21.8635306366155 104.2234554358414 120.0000010424248 -22.00078914754909 104.2234554277575 110.1806788289622 -21.8635306366155 112.7272379125611 115.0903399356935 -21.8635306366155</float_array>
                    <technique_common>
                        <accessor count="176" source="#ID12" stride="3">
                            <param name="X" type="float" />
                            <param name="Y" type="float" />
                            <param name="Z" type="float" />
                        </accessor>
                    </technique_common>
                </source>
                <source id="ID10">
                    <float_array id="ID13" count="528">-0.8509374086233909 0.4912889419322562 -0.1858512903920567 5.464028136671517e-015 0.9698094906439814 -0.243863797757809 -0.8398796557289404 0.4849047453219814 -0.2438637977578078 2.073054000868898e-015 0.9825778838644828 -0.185851290392063 -0.986847924515893 -2.152731064152662e-015 -0.1616513961544237 -0.8398796557289386 -0.4849047453219732 -0.2438637977578295 -0.8509374086233904 -0.4912889419322492 -0.185851290392077 -0.9761144709586078 -2.210789566623102e-015 -0.2172568516415472 0.8398796557289556 0.4849047453219472 -0.2438637977578235 0.8509374086233498 0.4912889419323199 -0.1858512903920764 -6.985412038616876e-015 0.9317642266340818 -0.363063941978533 -0.8069314906026771 0.4658821133170432 -0.3630639419785271 -0.8069314906026611 -0.4658821133170645 -0.3630639419785353 -0.9453003220464071 -2.209905861027971e-015 -0.3262013199528153 7.946707003330741e-015 -0.9825778838644743 -0.1858512903921083 -8.879045722090845e-015 -0.9698094906439724 -0.2438637977578444 0.8398796557289388 -0.4849047453219704 -0.2438637977578356 0.8509374086233864 -0.4912889419322465 -0.1858512903921021 0.8069314906026703 0.4658821133170393 -0.3630639419785472 -0.7623860678844057 0.4401638015194684 -0.4743662206857531 1.265109290448882e-014 0.8803276030389577 -0.4743662206857516 -0.7623860678844164 -0.4401638015194681 -0.4743662206857361 -0.9023689270847271 -2.011845481943602e-015 -0.4309644062239462 6.575710452774779e-015 -0.931764226634077 -0.3630639419785448 0.8069314906026586 -0.4658821133170555 -0.3630639419785525 0.7623860678843986 0.4401638015194912 -0.474366220685743 -2.3867660448813e-016 0.8174132479587649 -0.5760517182176467 -0.7079006381222259 0.4087066239793901 -0.5760517182176569 -0.7079006381222349 -0.4087066239793851 -0.5760517182176497 -0.8478705982916944 -1.777859770319093e-015 -0.530203214392825 -1.151936574370275e-014 -0.8803276030389711 -0.474366220685727 0.7623860678844112 -0.4401638015194769 -0.4743662206857365 0.7079006381222638 0.4087066239793648 -0.5760517182176284 -0.6452316085680012 0.3725246428963929 -0.6670094165299801 -9.87093646160697e-016 0.7450492857927831 -0.6670094165299796 -0.6452316085679861 -0.3725246428963954 -0.6670094165299932 -0.7825039174019051 -1.66626686838927e-015 -0.6226456610711042 1.251063201858726e-014 -0.8174132479587843 -0.5760517182176189 0.7079006381222635 -0.4087066239793912 -0.5760517182176103 0.6452316085679848 0.3725246428963971 -0.6670094165299938 -0.5760725583085555 0.3325956466122035 -0.7466729829171844 -1.530139832108838e-014 0.6651912932243966 -0.7466729829171902 -0.5760725583085612 -0.3325956466121912 -0.7466729829171855 -0.7071067813186083 -1.585992180350047e-015 -0.7071067810544868 -1.505073480284535e-015 -0.7450492857927631 -0.6670094165300021 0.6452316085679748 -0.3725246428963958 -0.6670094165300041 0.5760725583085435 0.3325956466121958 -0.7466729829171971 -0.5019418857332424 0.2897962828456245 -0.8149064104517866 2.557898175592247e-014 0.5795925656912607 -0.8149064104517902 -0.6226456613633937 -1.405719752595266e-015 -0.7825039171693277 -0.5019418857332431 -0.2897962828456467 -0.8149064104517781 2.95660645100078e-015 -0.6651912932243893 -0.7466729829171969 0.5760725583085585 -0.3325956466121567 -0.7466729829172032 0.5019418857332356 0.289796282845631 -0.8149064104517882 -0.4241231171881427 0.2448675958781033 -0.8718712301455365 -7.728027018106078e-015 0.4897351917562308 -0.8718712301455347 -0.5302032145955264 -1.182448318517924e-015 -0.8478705981649383 -0.4241231171881349 -0.2448675958781094 -0.8718712301455386 -1.430800712527124e-014 -0.5795925656912764 -0.8149064104517789 0.5019418857332137 -0.2897962828456732 -0.8149064104517868 0.4241231171881507 0.244867595878099 -0.8718712301455337 -0.3436495754972002 0.1984061749202453 -0.9178997543381908 -1.82372131577314e-015 0.3968123498404428 -0.9178997543381882 -0.4309644063183378 -9.993049843872217e-016 -0.9023689270396464 -0.3436495754972057 -0.1984061749202164 -0.9178997543381952 -1.391601503860616e-016 -0.4897351917562223 -0.8718712301455395 0.4241231171881486 -0.2448675958780902 -0.871871230145537 0.3436495754972032 0.1984061749202498 -0.9178997543381887 -0.2613205472519063 0.1508734883006569 -0.9533880438268332 5.263395779702786e-015 0.3017469766013345 -0.9533880438268323 -0.3262013201788061 -7.721186747894208e-016 -0.945300321968423 -0.2613205472519004 -0.1508734883006637 -0.9533880438268337 -8.821509121408823e-016 -0.3968123498404287 -0.9178997543381943 0.3436495754972138 -0.1984061749202211 -0.9178997543381912 0.2613205472519188 0.1508734883006539 -0.9533880438268304 -0.1777365708681192 0.1026162570355613 -0.9787132446064343 1.808141196885806e-015 0.2052325140711462 -0.9787132446064254 -0.217256851874898 -4.590564304199562e-016 -0.97611447090667 -0.1777365708680713 -0.1026162570354849 -0.9787132446064509 1.00257307261749e-014 -0.3017469766013359 -0.9533880438268318 0.2613205472519107 -0.1508734883006724 -0.9533880438268296 0.1777365708681169 0.10261625703558 -0.9787132446064325 -0.1216365113165364 0.07022687255196705 -0.9900872413511407 2.487118812509646e-014 0.1404537451039541 -0.9900872413511211 -0.1216365113163882 -0.07022687255170368 -0.9900872413511777 -0.1616513962576384 -2.926578037132886e-016 -0.9868479244989858 3.601307676813492e-014 -0.2052325140710382 -0.978713244606448 0.1777365708681017 -0.1026162570355486 -0.9787132446064386 0.1216365113165598 0.0702268725519951 -0.9900872413511358 1.128758948136253e-015 0.2931771613781008 -0.9560581321479772 -0.2464941560728001 0.1423134673623008 -0.9586383614425605 -0.253898869562845 0.1465885806890515 -0.9560581321479771 6.276338009810554e-017 0.2846269347246012 -0.9586383614425607 -0.3337839795614417 -5.159442548289388e-016 -0.9426495928966008 -0.2538988695628449 -0.14658858068905 -0.9560581321479775 -0.2464941560727995 -0.1423134673623008 -0.9586383614425607 -0.3198580704086448 -4.73710111486802e-016 -0.9474654689192943 1.073307424288854e-013 -0.1404537451035919 -0.9900872413511725 0.1216365113165008 -0.07022687255189156 -0.9900872413511505 0.2464941560728008 0.1423134673622996 -0.9586383614425605 0.2538988695628449 0.1465885806890518 -0.9560581321479771 -0.224727948227018 0.1297467414033006 -0.9657448588425929 5.367107427597858e-016 0.2594934828066017 -0.9657448588425929 -0.2918009448117055 -4.126428380495738e-016 -0.9564790685671047 -0.224727948227018 -0.1297467414033014 -0.9657448588425927 -3.937531214428775e-017 -0.2931771613781004 -0.9560581321479774 7.172957725497771e-017 -0.2846269347246013 -0.9586383614425607 0.2464941560727999 -0.1423134673623002 -0.9586383614425605 0.2538988695628452 -0.1465885806890501 -0.9560581321479773 0.2247279482270183 0.1297467414033006 -0.9657448588425928 -0.202899190018087 0.1171439019752994 -0.9721672823748008 5.891108493182865e-016 0.2342878039505993 -0.9721672823748008 -0.2028991900180868 -0.1171439019752999 -0.9721672823748008 -0.2634904054118614 -3.764527619220987e-016 -0.9646620165922846 -1.967939390119216e-016 -0.2594934828066026 -0.9657448588425927 0.2247279482270175 -0.1297467414033011 -0.9657448588425929 0.2028991900180871 0.1171439019753007 -0.9721672823748006 -0.1810155781834538 0.1045093927917337 -0.9779116254924128 5.879581720985706e-016 0.209018785583466 -0.9779116254924127 -0.234951038520239 -3.641568086609987e-016 -0.9720072065053124 -0.1810155781834539 -0.1045093927917336 -0.9779116254924127 -1.785184391873594e-017 -0.2342878039505994 -0.9721672823748007 0.2028991900180867 -0.1171439019752996 -0.9721672823748008 0.1810155781834546 0.1045093927917329 -0.9779116254924126 -0.1590842412228331 0.0918473294938294 -0.9829833529920065 4.046229483107947e-016 0.1836946589876599 -0.9829833529920065 -0.1590842412228329 -0.09184732949382961 -0.9829833529920065 -0.2062076289704889 -3.777124487062737e-016 -0.9785082594206188 -3.296129146613199e-016 -0.209018785583466 -0.9779116254924127 0.1810155781834539 -0.1045093927917323 -0.9779116254924131 0.1590842412228334 0.09184732949382951 -0.9829833529920063 -0.1371118020184697 0.0791615358044382 -0.9873873631945724 3.196443752491164e-016 0.1583230716088763 -0.9873873631945724 -0.1371118020184698 -0.07916153580443869 -0.9873873631945724 -0.1772851389172808 -3.67347887356287e-016 -0.9841595295068174 -4.891046627932683e-017 -0.1836946589876598 -0.9829833529920065 0.1590842412228324 -0.09184732949382984 -0.9829833529920065 0.13711180201847 0.07916153580443841 -0.9873873631945724 -0.115104440334305 0.06645557961193209 -0.9911279552882003 6.694639775909663e-016 0.1329111592238645 -0.9911279552882003 -0.1151044403343047 -0.06645557961193249 -0.9911279552882003 -0.1482086862334858 -3.438056742307882e-016 -0.988956108897126 -8.879010423586565e-018 -0.1583230716088769 -0.9873873631945724 0.1371118020184699 -0.07916153580443813 -0.9873873631945724 0.1151044403343053 0.06645557961193208 -0.9911279552882002 -0.09306795511875243 0.05373280894073949 -0.9942088014966231 4.428507681793911e-017 0.1074656178814795 -0.9942088014966231 -0.09306795511875236 -0.05373280894073974 -0.9942088014966231 -0.1190035220363006 -3.354757006917576e-016 -0.9928938320600826 -2.216768137718431e-017 -0.1329111592238644 -0.9911279552882002 0.1151044403343047 -0.06645557961193223 -0.9911279552882002 0.09306795511875245 0.05373280894073999 -0.9942088014966232 -0.07100782657753418 0.04099638778910996 -0.9966329237753384 3.473174632745879e-016 0.08199277557821955 -0.9966329237753384 -0.07100782657753432 -0.04099638778911007 -0.9966329237753384 -0.08969500955415191 -2.935436687157671e-016 -0.9959692792757618 -7.97131382722904e-017 -0.1074656178814795 -0.9942088014966232 0.09306795511875225 -0.05373280894073953 -0.9942088014966231 0.07100782657753471 0.04099638778910984 -0.9966329237753384 -0.04892927801836512 0.02824933183515675 -0.9984026747778017 9.726854221032838e-017 0.05649866367031405 -0.9984026747778017 -0.04892927801836512 -0.02824933183515716 -0.9984026747778015 -0.06030860168496927 -1.847165386004606e-016 -0.9981797796803958 -5.751754168878526e-017 -0.08199277557821966 -0.9966329237753385 0.07100782657753438 -0.04099638778910989 -0.9966329237753385 0.04892927801836497 0.02824933183515707 -0.9984026747778018 -0.02683733749919425 0.01549454402827167 -0.9995197228775981 -2.114940062555579e-012 0.03098908805837446 -0.9995197228775981 -0.02683733749919415 -0.01549454402827182 -0.9995197228775981 -0.03086981900965384 -1.376087516951789e-016 -0.9995234135698429 -1.547454080618861e-017 -0.05649866367031426 -0.9984026747778015 0.04892927801836496 -0.02824933183515689 -0.9984026747778017 0.02683733749813612 0.01549454403010266 -0.9995197228775981 6.343200127180523e-012 -4.915568309256796e-017 -1 -2.115106884513843e-012 -0.0309890880583744 -0.9995197228775981 0.02683733749813596 -0.01549454403010287 -0.9995197228775982</float_array>
                    <technique_common>
                        <accessor count="176" source="#ID13" stride="3">
                            <param name="X" type="float" />
                            <param name="Y" type="float" />
                            <param name="Z" type="float" />
                        </accessor>
                    </technique_common>
                </source>
                <vertices id="ID11">
                    <input semantic="POSITION" source="#ID9" />
                    <input semantic="NORMAL" source="#ID10" />
                </vertices>
                <triangles count="329" material="Material2">
                    <input offset="0" semantic="VERTEX" source="#ID11" />
