<?xml version="1.0" encoding="UTF-8" standalone="no" ?>
<COLLADA xmlns="http://www.collada.org/2005/11/COLLADASchema" version="1.4.1">
    <asset>
        <contributor>
            <author>pp</author>
            <authoring_tool>Google SketchUp 8.0.14346</authoring_tool>
        </contributor>
        <created>2014-05-22T17:07:38Z</created>
        <modified>2014-05-22T17:07:38Z</modified>
        <unit meter="0.02539999969303608" name="inch" />
        <up_axis>Z_UP</up_axis>
    </asset>
    <library_visual_scenes>
        <visual_scene id="ID1">
            <node name="SketchUp">
                <node id="ID2" name="instance_0">
                    <matrix>1 0 0 -31.08464020010948 0 1 0 -30.08407700405311 0 0 1 1.496485814223334 0 0 0 1</matrix>
                    <instance_node url="#ID3" />
                </node>
                <node id="ID12" name="instance_1">
                    <matrix>1 0 0 -16.62228463715642 0 1 0 -2.491487563459558 0 0 1 65.9618612051249 0 0 0 1</matrix>
                    <instance_node url="#ID13" />
                </node>
                <node id="ID22" name="instance_2">
                    <matrix>1 0 0 -12.35190559403238 0 1 0 -31.59028444141703 0 0 1 41.29311334333774 0 0 0 1</matrix>
                    <instance_node url="#ID23" />
                </node>
                <node id="ID50" name="instance_6">
                    <matrix>0.7071067811865472 0.6830127046193102 0.1830126917145786 -27.15875082890386 -0.7071067811865478 0.6830127046193096 0.1830126917145784 -11.8050715432867 0 -0.2588190307091631 0.9659258301457567 59.57484608476325 0 0 0 1</matrix>
                    <instance_node url="#ID51" />
                </node>
                <node id="ID60" name="instance_7">
                    <matrix>0.7071067811865476 0.7016846419273612 0.08739944669888337 -20.88387629506097 -0.7071067811865476 0.7016846419273612 0.08739944669888326 -18.81748868740711 -8.326672684688672e-017 -0.1236014828654652 0.9923319371225832 60.27927006667478 0 0 0 1</matrix>
                    <instance_node url="#ID51" />
                </node>
                <node id="ID61" name="instance_8">
                    <matrix>0.7071067811865476 0.7016846419273612 0.08739944669888337 -22.62703293505907 -0.7071067811865476 0.7016846419273612 0.08739944669888326 -18.50958969912311 -8.326672684688672e-017 -0.1236014828654652 0.9923319371225832 50.99725689709538 0 0 0 1</matrix>
                    <instance_node url="#ID51" />
                </node>
                <node id="ID62" name="instance_9">
                    <matrix>0.7071067811865476 0.7016846419273612 0.08739944669888337 -25.42582096900366 -0.7071067811865476 0.7016846419273612 0.08739944669888326 -15.12428531168432 -8.326672684688672e-017 -0.1236014828654652 0.9923319371225832 54.32690560312395 0 0 0 1</matrix>
                    <instance_node url="#ID51" />
                </node>
                <node id="ID63" name="instance_10">
                    <matrix>0.2615301433794088 0.8792564673975885 -0.3981332046482177 -27.75217767666465 -0.9632147490859021 0.264166624329354 -0.04932891377089931 -3.550907037603608 0.06180073824258633 0.3963887727092529 0.916000332763435 43.16313051517823 0 0 0 1</matrix>
                    <instance_node url="#ID51" />
                </node>
                <node id="ID64" name="instance_11">
                    <matrix>0.2895962110570181 0.9486849375038535 -0.1270075741628381 -27.29443037818592 -0.9549288865952047 0.2954019652793885 0.0291290311393597 -9.975016352478178 0.0651525600990613 0.1128475443347564 0.9914739409839037 50.00457902769201 0 0 0 1</matrix>
                    <instance_node url="#ID51" />
                </node>
                <node id="ID65" name="instance_12">
                    <matrix>0.5172169908019624 0.6982865860641327 -0.4948559670739169 -20.7058874573581 -0.8300279938520019 0.5502293299207883 -0.09111099778260312 -14.47673753549347 0.2086626795758743 0.4578684616981378 0.8641853724371855 41.40630986538684 0 0 0 1</matrix>
                    <instance_node url="#ID51" />
                </node>
                <node id="ID66" name="instance_13">
                    <matrix>0.6419767367873092 0.5434542474289474 -0.5408542783184343 -12.14858146905169 -0.7085691590650833 0.6900046182564773 -0.1477273624164927 -20.72985332774422 0.2929088872767754 0.4780701912231817 0.8280418322875432 39.2374229925986 0 0 0 1</matrix>
                    <instance_node url="#ID51" />
                </node>
                <node id="ID67" name="instance_14">
                    <matrix>0.641976736787309 0.6649198865408978 -0.381768796402165 -16.68233715829111 -0.7085691590650836 0.7047279353739691 0.03589267230707849 -21.9419685065618 0.2929088872767752 0.2474673343816967 0.923560665126173 46.84976969964723 0 0 0 1</matrix>
                    <instance_node url="#ID51" />
                </node>
                <node id="ID68" name="instance_15">
                    <matrix>0.8119055641558768 0.5496650559406408 -0.1966664210547899 -15.91073136672191 -0.5106475838483783 0.8319381647902654 0.2170666604414849 -23.83396612323997 0.2829282594626083 -0.07581039666943969 0.9561403577688169 55.94989271586483 0 0 0 1</matrix>
                    <instance_node url="#ID51" />
                </node>
                <node id="ID69" name="instance_16">
                    <matrix>-0.6419767367873093 -0.6649198865408977 0.381768796402165 24.02276672121523 -0.7085691590650833 0.7047279353739694 0.0358926723070785 -21.9419685065618 0.2929088872767752 0.2474673343816966 0.9235606651261731 46.84976969964723 0 0 0 1</matrix>
                    <instance_node url="#ID70" />
                </node>
                <node id="ID77" name="instance_17">
                    <matrix>-0.7071067811865476 -0.7016846419273612 -0.08739944669888335 29.96746249798301 -0.7071067811865476 0.7016846419273612 0.08739944669888326 -18.50958969912311 -6.245004513516504e-017 -0.1236014828654652 0.9923319371225832 50.99725689709538 0 0 0 1</matrix>
                    <instance_node url="#ID70" />
                </node>
                <node id="ID78" name="instance_18">
                    <matrix>-0.7071067811865476 -0.7016846419273612 -0.08739944669888335 32.76625053192785 -0.7071067811865476 0.7016846419273612 0.08739944669888326 -15.12428531168432 -6.245004513516504e-017 -0.1236014828654652 0.9923319371225832 54.32690560312395 0 0 0 1</matrix>
                    <instance_node url="#ID70" />
                </node>
                <node id="ID79" name="instance_19">
                    <matrix>-0.7071067811865472 -0.6830127046193102 -0.1830126917145785 34.49918039182793 -0.7071067811865478 0.6830127046193096 0.1830126917145784 -11.8050715432867 2.775557561562891e-017 -0.258819030709163 0.9659258301457568 59.57484608476325 0 0 0 1</matrix>
                    <instance_node url="#ID70" />
                </node>
                <node id="ID80" name="instance_20">
                    <matrix>-0.7071067811865476 -0.7016846419273612 -0.08739944669888335 28.22430585798507 -0.7071067811865476 0.7016846419273612 0.08739944669888326 -18.81748868740711 -6.245004513516504e-017 -0.1236014828654652 0.9923319371225832 60.27927006667478 0 0 0 1</matrix>
                    <instance_node url="#ID70" />
                </node>
                <node id="ID81" name="instance_21">
                    <matrix>-0.2615301433794088 -0.8792564673975885 0.3981332046482177 35.092607239589 -0.9632147490859021 0.264166624329354 -0.04932891377089931 -3.550907037603608 0.06180073824258633 0.396388772709253 0.916000332763435 43.16313051517823 0 0 0 1</matrix>
                    <instance_node url="#ID70" />
                </node>
                <node id="ID82" name="instance_22">
                    <matrix>-0.2895962110570181 -0.9486849375038535 0.1270075741628381 34.63485994110997 -0.9549288865952047 0.2954019652793885 0.0291290311393597 -9.975016352478178 0.0651525600990613 0.1128475443347564 0.9914739409839037 50.00457902769201 0 0 0 1</matrix>
                    <instance_node url="#ID70" />
                </node>
                <node id="ID83" name="instance_23">
                    <matrix>-0.5172169908019624 -0.6982865860641326 0.4948559670739169 28.04631702028227 -0.8300279938520019 0.5502293299207883 -0.09111099778260312 -14.47673753549347 0.2086626795758743 0.4578684616981378 0.8641853724371855 41.40630986538684 0 0 0 1</matrix>
                    <instance_node url="#ID70" />
                </node>
                <node id="ID84" name="instance_24">
                    <matrix>-0.8119055641558767 -0.5496650559406409 0.1966664210547898 23.2511609296461 -0.5106475838483784 0.8319381647902654 0.2170666604414849 -23.83396612323997 0.2829282594626083 -0.07581039666943967 0.9561403577688169 55.94989271586483 0 0 0 1</matrix>
                    <instance_node url="#ID70" />
                </node>
                <node id="ID85" name="instance_25">
                    <matrix>-0.6419767367873094 -0.5434542474289474 0.5408542783184343 19.48901103197594 -0.7085691590650833 0.6900046182564774 -0.1477273624164927 -20.72985332774422 0.2929088872767754 0.4780701912231816 0.8280418322875434 39.2374229925986 0 0 0 1</matrix>
                    <instance_node url="#ID70" />
                </node>
                <node id="ID86" name="instance_26">
                    <matrix>0.2634853508602758 0.7987816469515814 -0.5408542783184364 -18.49498038312304 -0.964663397192014 0.2181768927073369 -0.1477273624164929 -3.706187800212703 1.262601134754959e-013 0.5606663214264706 0.828041832287542 32.07054524914459 0 0 0 1</matrix>
                    <instance_node url="#ID51" />
                </node>
                <node id="ID87" name="instance_27">
                    <matrix>0.6275758273892361 0.4705433418323772 -0.6202721534406768 -10.89817947723626 -0.7263345658589246 0.6407185346426257 -0.2488329917915507 -14.3576110805936 0.2803331577163916 0.6066866759890356 0.7438713584095921 32.53483768233632 0 0 0 1</matrix>
                    <instance_node url="#ID51" />
                </node>
                <node id="ID88" name="instance_28">
                    <matrix>0.5383236988413311 0.6336893292945727 -0.5555586640526656 -12.36449662547642 -0.8247953423070029 0.5314784073489195 -0.1929853513366492 -6.540033973848125 0.1729746761074054 0.5621107866426784 0.8087714293701821 25.8594480450428 0 0 0 1</matrix>
                    <instance_node url="#ID51" />
                </node>
                <node id="ID89" name="instance_29">
                    <matrix>-0.2634853508602759 -0.7987816469515814 0.5408542783184362 25.77573194763247 -0.9646633971920141 0.218176892707337 -0.1477273624164929 -3.706187800212703 1.262739912633037e-013 0.5606663214264706 0.8280418322875419 32.07054524914459 0 0 0 1</matrix>
                    <instance_node url="#ID70" />
                </node>
                <node id="ID90" name="instance_30">
                    <matrix>-0.6275758273892361 -0.470543341832377 0.6202721534406769 18.17893104174576 -0.7263345658589245 0.6407185346426259 -0.2488329917915507 -14.35761108059357 0.2803331577163917 0.6066866759890357 0.743871358409592 32.53483768233632 0 0 0 1</matrix>
                    <instance_node url="#ID70" />
                </node>
                <node id="ID91" name="instance_31">
                    <matrix>-0.5383236988413309 -0.6336893292945727 0.5555586640526659 19.64524818998579 -0.824795342307003 0.5314784073489194 -0.1929853513366492 -6.540033973848125 0.1729746761074054 0.5621107866426786 0.8087714293701821 25.8594480450428 0 0 0 1</matrix>
                    <instance_node url="#ID70" />
                </node>
                <node id="ID92" name="instance_32">
                    <matrix>0.8216490270104495 0.08614945795339213 -0.563445780272706 -0.6264668427932119 -0.4030696026782539 0.7867605549550786 -0.467485534068779 -17.46847150966953 0.403023289413374 0.6112169009943309 0.6811652722572623 30.87025988289133 0 0 0 1</matrix>
                    <instance_node url="#ID51" />
                </node>
                <node id="ID93" name="instance_33">
                    <matrix>-0.8216490270104491 0.0861494579533925 -0.5634457802727066 10.81506781404831 0.4030696026782547 0.7867605549550786 -0.4674855340687784 -19.37273734909438 -0.4030232894133745 0.6112169009943308 0.681165272257262 32.77430691948992 0 0 0 1</matrix>
                    <instance_node url="#ID70" />
                </node>
                <node id="ID94" name="instance_34">
                    <matrix>-0.8253757845383545 0.03582829873963763 -0.5634457802727068 6.729491916042168 0.3542872137759924 0.8098998985005945 -0.4674855340687784 -14.81938615892629 -0.4395854688823783 0.5854728750490068 0.681165272257262 25.93065285664786 0 0 0 1</matrix>
                    <instance_node url="#ID70" />
                </node>
                <node id="ID95" name="instance_35">
                    <matrix>0.9779633730473862 0.0700711053664707 -0.19666642105479 -1.447774780048296 -0.02626468305811318 0.9758033774017377 0.217066660441485 -28.54533190893772 0.2071178587221195 -0.2071178622043088 0.9561403577688169 60.96061614981782 0 0 0 1</matrix>
                    <instance_node url="#ID51" />
                </node>
                <node id="ID96" name="instance_36">
                    <matrix>0.9220935913993381 0.3684706288594428 -0.1182066172775342 -9.68857327180829 -0.2482847898571902 0.7976552598864811 0.5496369251615119 -24.9241149482596 0.296813193483446 -0.4774677811573858 0.8269984559422112 64.08185920736767 0 0 0 1</matrix>
                    <instance_node url="#ID51" />
                </node>
                <node id="ID97" name="instance_37">
                    <matrix>0.8993301960132937 -0.4209897791758057 -0.1182066172775342 15.05857263141719 0.4123497110297124 0.72654453842329 0.5496369251615116 -25.6763955707783 -0.145509155562129 -0.5430475481178373 0.8269984559422111 64.6301059845714 0 0 0 1</matrix>
                    <instance_node url="#ID51" />
                </node>
                <node id="ID98" name="instance_38">
                    <matrix>0.977646435335052 -0.1958933672314806 -0.07637562537471181 7.5759389374271 0.2102556716872722 0.9108646125088171 0.3551312577097328 -28.98820067832963 -3.469854806259497e-009 -0.3632512165896695 0.9316912329984248 60.52084736620587 0 0 0 1</matrix>
                    <instance_node url="#ID51" />
                </node>
                <node id="ID99" name="instance_39">
                    <matrix>0.9779633730473862 0.07007110536647071 -0.19666642105479 -1.447774780048296 0.02626468305811318 -0.9758033774017376 -0.2170666604414851 38.25248898385063 0.2071178587221195 -0.2071178622043089 0.9561403577688169 60.96061614981782 0 0 0 1</matrix>
                    <instance_node url="#ID70" />
                </node>
                <node id="ID100" name="instance_40">
                    <matrix>0.6419767367873104 0.6649198865408966 -0.3817687964021651 -16.68233715829111 0.7085691590650822 -0.7047279353739705 -0.0358926723070785 31.64912558147472 0.2929088872767757 0.2474673343816961 0.9235606651261731 46.84976969964723 0 0 0 1</matrix>
                    <instance_node url="#ID70" />
                </node>
                <node id="ID101" name="instance_41">
                    <matrix>0.5172169908019624 0.6982865860641326 -0.4948559670739169 -20.7058874573581 0.8300279938520019 -0.5502293299207883 0.09111099778260305 24.1838946104064 0.2086626795758744 0.4578684616981377 0.8641853724371855 41.40630986538684 0 0 0 1</matrix>
                    <instance_node url="#ID70" />
                </node>
                <node id="ID102" name="instance_42">
                    <matrix>-0.2615301433794089 -0.8792564673975883 0.3981332046482177 35.09260723958894 0.9632147490859021 -0.264166624329354 0.04932891377089931 13.25806411251644 0.06180073824258636 0.3963887727092529 0.916000332763435 43.16313051517823 0 0 0 1</matrix>
                    <instance_node url="#ID51" />
                </node>
                <node id="ID103" name="instance_43">
                    <matrix>-0.6419767367873092 -0.6649198865408977 0.381768796402165 24.02276672121523 0.7085691590650833 -0.7047279353739693 -0.0358926723070785 31.64912558147472 0.2929088872767752 0.2474673343816966 0.9235606651261731 46.84976969964723 0 0 0 1</matrix>
                    <instance_node url="#ID51" />
                </node>
                <node id="ID104" name="instance_44">
                    <matrix>0.6275758273892361 0.4705433418323772 -0.6202721534406768 -10.89817947723626 0.7263345658589248 -0.6407185346426257 0.2488329917915508 24.06476815550649 0.2803331577163915 0.6066866759890357 0.7438713584095921 32.53483768233632 0 0 0 1</matrix>
                    <instance_node url="#ID70" />
                </node>
                <node id="ID105" name="instance_45">
                    <matrix>-0.7071067811865476 -0.7016846419273614 -0.08739944669888335 28.22430585798507 0.7071067811865477 -0.7016846419273612 -0.08739944669888326 28.52464576231999 -4.857225732735059e-017 -0.1236014828654652 0.9923319371225832 60.27927006667478 0 0 0 1</matrix>
                    <instance_node url="#ID51" />
                </node>
                <node id="ID106" name="instance_46">
                    <matrix>-0.8253757845383545 0.03582829873963758 -0.5634457802727066 6.729491916042139 -0.3542872137759924 -0.8098998985005945 0.4674855340687785 24.52654323383918 -0.4395854688823782 0.585472875049007 0.6811652722572619 25.93065285664786 0 0 0 1</matrix>
                    <instance_node url="#ID51" />
                </node>
                <node id="ID107" name="instance_47">
                    <matrix>0.7071067811865476 0.7016846419273612 0.08739944669888337 -22.62703293505907 0.7071067811865476 -0.7016846419273612 -0.08739944669888326 28.21674677403594 -8.326672684688672e-017 -0.1236014828654652 0.9923319371225832 50.99725689709538 0 0 0 1</matrix>
                    <instance_node url="#ID70" />
                </node>
                <node id="ID108" name="instance_48">
                    <matrix>0.8993301960132936 -0.4209897791758057 -0.1182066172775343 15.05857263141719 -0.4123497110297124 -0.7265445384232904 -0.5496369251615114 35.38355264569125 -0.1455091555621288 -0.5430475481178371 0.8269984559422114 64.6301059845714 0 0 0 1</matrix>
                    <instance_node url="#ID70" />
                </node>
                <node id="ID109" name="instance_49">
                    <matrix>0.8119055641558768 0.5496650559406408 -0.1966664210547899 -15.91073136672191 0.5106475838483783 -0.8319381647902654 -0.217066660441485 33.5411231981528 0.2829282594626084 -0.07581039666943971 0.9561403577688169 55.94989271586483 0 0 0 1</matrix>
                    <instance_node url="#ID70" />
                </node>
                <node id="ID110" name="instance_50">
                    <matrix>-0.8119055641558767 -0.5496650559406411 0.1966664210547898 23.2511609296461 0.5106475838483786 -0.8319381647902652 -0.217066660441485 33.5411231981528 0.2829282594626084 -0.07581039666943967 0.9561403577688169 55.94989271586483 0 0 0 1</matrix>
                    <instance_node url="#ID51" />
                </node>
                <node id="ID111" name="instance_51">
                    <matrix>0.2895962110570182 0.9486849375038535 -0.1270075741628381 -27.29443037818592 0.9549288865952046 -0.2954019652793885 -0.02912903113935971 19.68217342739112 0.06515256009906131 0.1128475443347564 0.9914739409839037 50.00457902769201 0 0 0 1</matrix>
                    <instance_node url="#ID70" />
                </node>
                <node id="ID112" name="instance_52">
                    <matrix>-0.7071067811865476 -0.7016846419273614 -0.08739944669888335 32.7662505319278 0.7071067811865477 -0.7016846419273612 -0.08739944669888326 24.8314423865972 -4.857225732735059e-017 -0.1236014828654652 0.9923319371225832 54.32690560312395 0 0 0 1</matrix>
                    <instance_node url="#ID51" />
                </node>
                <node id="ID113" name="instance_53">
                    <matrix>-0.6275758273892365 -0.4705433418323767 0.6202721534406769 18.17893104174571 0.7263345658589242 -0.6407185346426263 0.2488329917915507 24.06476815550649 0.2803331577163921 0.6066866759890355 0.743871358409592 32.53483768233632 0 0 0 1</matrix>
                    <instance_node url="#ID51" />
                </node>
                <node id="ID114" name="instance_54">
                    <matrix>0.7071067811865476 0.7016846419273612 0.08739944669888337 -20.88387629506097 0.7071067811865476 -0.7016846419273612 -0.08739944669888326 28.52464576231999 -8.326672684688672e-017 -0.1236014828654652 0.9923319371225832 60.27927006667478 0 0 0 1</matrix>
                    <instance_node url="#ID70" />
                </node>
                <node id="ID115" name="instance_55">
                    <matrix>-0.263485350860276 -0.7987816469515814 0.5408542783184364 25.77573194763242 0.964663397192014 -0.2181768927073371 0.147727362416493 13.41334487512565 1.262878690511115e-013 0.5606663214264706 0.828041832287542 32.07054524914459 0 0 0 1</matrix>
                    <instance_node url="#ID51" />
                </node>
                <node id="ID116" name="instance_56">
                    <matrix>0.8216490270104495 0.08614945795339207 -0.5634457802727059 -0.6264668427932119 0.4030696026782539 -0.7867605549550785 0.467485534068779 27.17562858458241 0.403023289413374 0.6112169009943309 0.6811652722572622 30.87025988289133 0 0 0 1</matrix>
                    <instance_node url="#ID70" />
                </node>
                <node id="ID117" name="instance_57">
                    <matrix>-0.5383236988413309 -0.6336893292945727 0.5555586640526659 19.64524818998573 0.8247953423070031 -0.5314784073489193 0.1929853513366492 16.24719104876108 0.1729746761074054 0.5621107866426786 0.8087714293701821 25.8594480450428 0 0 0 1</matrix>
                    <instance_node url="#ID51" />
                </node>
                <node id="ID118" name="instance_58">
                    <matrix>-0.5172169908019624 -0.6982865860641326 0.4948559670739169 28.04631702028227 0.8300279938520019 -0.5502293299207883 0.09111099778260305 24.1838946104064 0.2086626795758744 0.4578684616981377 0.8641853724371855 41.40630986538684 0 0 0 1</matrix>
                    <instance_node url="#ID51" />
                </node>
                <node id="ID119" name="instance_59">
                    <matrix>0.7071067811865476 0.7016846419273612 0.08739944669888337 -25.42582096900366 0.7071067811865476 -0.7016846419273612 -0.08739944669888326 24.8314423865972 -8.326672684688672e-017 -0.1236014828654652 0.9923319371225832 54.32690560312395 0 0 0 1</matrix>
                    <instance_node url="#ID70" />
                </node>
                <node id="ID120" name="instance_60">
                    <matrix>0.261530143379409 0.8792564673975883 -0.3981332046482177 -27.75217767666465 0.9632147490859021 -0.2641666243293541 0.04932891377089931 13.25806411251644 0.06180073824258638 0.3963887727092529 0.916000332763435 43.16313051517823 0 0 0 1</matrix>
                    <instance_node url="#ID70" />
                </node>
                <node id="ID121" name="instance_61">
                    <matrix>0.7071067811865472 0.6830127046193102 0.1830126917145786 -27.15875082890386 0.7071067811865478 -0.6830127046193096 -0.1830126917145784 21.51222861819956 1.387778780781446e-017 -0.2588190307091631 0.9659258301457567 59.57484608476325 0 0 0 1</matrix>
                    <instance_node url="#ID70" />
                </node>
                <node id="ID122" name="instance_62">
                    <matrix>0.9220935913993381 0.3684706288594428 -0.1182066172775342 -9.68857327180829 0.2482847898571902 -0.7976552598864811 -0.5496369251615118 34.6312720231725 0.296813193483446 -0.4774677811573857 0.8269984559422112 64.08185920736767 0 0 0 1</matrix>
                    <instance_node url="#ID70" />
                </node>
                <node id="ID123" name="instance_63">
                    <matrix>0.2634853508602758 0.7987816469515815 -0.5408542783184364 -18.49498038312304 0.9646633971920141 -0.2181768927073369 0.1477273624164928 13.41334487512565 1.263156246267272e-013 0.5606663214264706 0.828041832287542 32.07054524914459 0 0 0 1</matrix>
                    <instance_node url="#ID70" />
                </node>
                <node id="ID124" name="instance_64">
                    <matrix>0.6419767367873093 0.5434542474289476 -0.5408542783184344 -12.14858146905169 0.7085691590650834 -0.6900046182564773 0.1477273624164928 30.43701040265721 0.2929088872767753 0.4780701912231817 0.8280418322875434 39.2374229925986 0 0 0 1</matrix>
                    <instance_node url="#ID70" />
                </node>
                <node id="ID125" name="instance_65">
                    <matrix>0.977646435335052 -0.1958933672314806 -0.07637562537471181 7.575938937427043 -0.2102556716872722 -0.9108646125088171 -0.3551312577097328 38.69535775324251 -3.469854806259497e-009 -0.3632512165896695 0.9316912329984248 60.52084736620587 0 0 0 1</matrix>
                    <instance_node url="#ID70" />
                </node>
                <node id="ID126" name="instance_66">
                    <matrix>-0.7071067811865472 -0.6830127046193102 -0.1830126917145785 34.49918039182793 0.7071067811865478 -0.6830127046193096 -0.1830126917145784 21.51222861819956 2.775557561562891e-017 -0.258819030709163 0.965925830145757 59.57484608476325 0 0 0 1</matrix>
                    <instance_node url="#ID51" />
                </node>
                <node id="ID127" name="instance_67">
                    <matrix>-0.7071067811865476 -0.7016846419273614 -0.08739944669888335 29.96746249798301 0.7071067811865477 -0.7016846419273612 -0.08739944669888326 28.21674677403594 -4.857225732735059e-017 -0.1236014828654652 0.9923319371225832 50.99725689709538 0 0 0 1</matrix>
                    <instance_node url="#ID51" />
                </node>
                <node id="ID128" name="instance_68">
                    <matrix>-0.2895962110570181 -0.9486849375038535 0.1270075741628381 34.63485994110991 0.9549288865952047 -0.2954019652793885 -0.02912903113935971 19.68217342739112 0.06515256009906131 0.1128475443347564 0.9914739409839037 50.00457902769201 0 0 0 1</matrix>
                    <instance_node url="#ID51" />
                </node>
                <node id="ID129" name="instance_69">
                    <matrix>0.5383236988413311 0.6336893292945727 -0.5555586640526656 -12.36449662547642 0.8247953423070029 -0.5314784073489195 0.1929853513366492 16.24719104876108 0.1729746761074054 0.5621107866426784 0.8087714293701821 25.8594480450428 0 0 0 1</matrix>
                    <instance_node url="#ID70" />
                </node>
                <node id="ID130" name="instance_70">
                    <matrix>-0.8216490270104491 0.08614945795339235 -0.5634457802727066 10.81506781404825 -0.4030696026782544 -0.7867605549550787 0.4674855340687784 29.07989442400724 -0.4030232894133746 0.6112169009943308 0.681165272257262 32.77430691948992 0 0 0 1</matrix>
                    <instance_node url="#ID51" />
                </node>
                <node id="ID131" name="instance_71">
                    <matrix>-0.6419767367873093 -0.5434542474289476 0.5408542783184343 19.48901103197594 0.7085691590650834 -0.6900046182564772 0.1477273624164928 30.43701040265721 0.2929088872767752 0.4780701912231817 0.8280418322875434 39.2374229925986 0 0 0 1</matrix>
                    <instance_node url="#ID51" />
                </node>
                <node id="ID132" name="instance_72">
                    <matrix>-0.8426490994238731 -0.0724593928988954 -0.5335654895332525 9.747835589713066 -0.1052467272519619 -0.94962857432073 0.295175705701416 37.37336519661549 -0.5280772875658326 0.3048855641290701 0.7925775489772668 45.19792142304932 0 0 0 1</matrix>
                    <instance_node url="#ID51" />
                </node>
                <node id="ID133" name="instance_73">
                    <matrix>-0.8326903985115446 0.1481032363111146 -0.5335654895332527 0.1623383923426154 -0.3474424927928294 -0.8900309078709435 0.2951757057014159 35.01600615651849 -0.4311732997630884 0.4311732997630979 0.792577548977267 40.19282501815112 0 0 0 1</matrix>
                    <instance_node url="#ID51" />
                </node>
                <node id="ID134" name="instance_74">
                    <matrix>-0.8544390027790273 0.1888107303327078 -0.4840294398496967 -0.9493461159305294 -0.2572911046535053 -0.9631415803806973 0.07848301477359256 38.95979077544142 -0.4513704443095059 0.1915954181419859 0.8715250528532367 50.55308507681755 0 0 0 1</matrix>
                    <instance_node url="#ID51" />
                </node>
                <node id="ID135" name="instance_75">
                    <matrix>-0.7895505927983706 -0.3772603381890687 -0.4840294398496967 18.54207302776118 0.3902210637298468 -0.9173701204059325 0.07848301477359253 35.98635172467222 -0.4736426742105154 -0.1269121720556173 0.8715250528532368 52.95817350087936 0 0 0 1</matrix>
                    <instance_node url="#ID51" />
                </node>
                <node id="ID136" name="instance_76">
                    <matrix>0.1247989555259249 0.9502441514582973 0.2854142135895458 -29.55371600609551 0.978896311020322 -0.07100563016776611 -0.1916251882067791 10.37757849938716 0.1618246982708243 -0.3033055441362374 0.9390519229125608 60.46011260020508 0 0 0 1</matrix>
                    <instance_node url="#ID70" />
                </node>
                <node id="ID137" name="instance_77">
                    <matrix>-0.1571329552696678 0.9684829635970225 0.1932614384468594 -30.50475787638342 0.9571930236838813 0.1975223049286686 -0.2115808461713271 -0.860603814429993 0.2430858897162262 -0.151742176991088 0.9580623998168784 54.85204783944384 0 0 0 1</matrix>
                    <instance_node url="#ID70" />
                </node>
                <node id="ID138" name="instance_78">
                    <matrix>0.04887514276650173 0.9795617091649952 -0.1951155512953992 -30.64443689220629 0.9634858893897274 -0.09772775463470697 -0.2492874383536897 6.339465303391918 0.263260633909516 0.1758071213341826 0.9485703425269778 48.64085885573353 0 0 0 1</matrix>
                    <instance_node url="#ID70" />
                </node>
                <node id="ID139" name="instance_79">
                    <matrix>-0.2436488611227311 0.8243832887799097 -0.5109084317703282 -25.90465577813666 0.9661300422586073 0.1601266563528822 -0.2023664877657062 0.7857900343240942 0.08501749184125498 0.5429103490500673 0.8354761390819946 39.81211665127521 0 0 0 1</matrix>
                    <instance_node url="#ID70" />
                </node>
                <node id="ID140" name="instance_80">
                    <matrix>-0.04887514276650143 -0.9795617091649952 0.1951155512953993 38.10463849488734 0.9634858893897274 -0.09772775463470668 -0.2492874383536897 6.339465303391918 0.263260633909516 0.1758071213341827 0.9485703425269778 48.64085885573353 0 0 0 1</matrix>
                    <instance_node url="#ID51" />
                </node>
                <node id="ID141" name="instance_81">
                    <matrix>-0.1247989555259249 -0.9502441514582973 -0.2854142135895457 37.01391760877634 0.9788963110203219 -0.07100563016776613 -0.1916251882067791 10.37757849938716 0.1618246982708242 -0.3033055441362374 0.9390519229125607 60.46011260020508 0 0 0 1</matrix>
                    <instance_node url="#ID51" />
                </node>
                <node id="ID142" name="instance_82">
                    <matrix>0.1571329552696678 -0.9684829635970225 -0.1932614384468595 37.96495947906435 0.9571930236838814 0.1975223049286686 -0.2115808461713271 -0.860603814429993 0.2430858897162263 -0.1517421769910881 0.9580623998168784 54.85204783944384 0 0 0 1</matrix>
                    <instance_node url="#ID51" />
                </node>
            </node>
        </visual_scene>
    </library_visual_scenes>
    <library_nodes>
        <node id="ID3" name="Component_1">
            <instance_geometry url="#ID4">
                <bind_material>
                    <technique_common>
                        <instance_material symbol="Material2" target="#ID5">
                            <bind_vertex_input semantic="UVSET0" input_semantic="TEXCOORD" input_set="0" />
                        </instance_material>
                    </technique_common>
                </bind_material>
            </instance_geometry>
        </node>
        <node id="ID13" name="Component_2">
            <instance_geometry url="#ID14">
                <bind_material>
                    <technique_common>
                        <instance_material symbol="Material2" target="#ID15">
                            <bind_vertex_input semantic="UVSET0" input_semantic="TEXCOORD" input_set="0" />
                        </instance_material>
                    </technique_common>
                </bind_material>
            </instance_geometry>
        </node>
        <node id="ID23" name="Component_4">
            <node id="ID24" name="instance_3">
                <matrix>0.9659258262890743 0.2588190451024984 0 3.572202689712071 -0.2588190451024984 0.9659258262890743 0 2.134190161079779 0 -0 1 10.59840904056823 0 0 0 1</matrix>
                <instance_node url="#ID25" />
            </node>
            <node id="ID34" name="instance_4">
                <matrix>0.9659258262890975 -0.2588190451024118 0 18.85455630542768 0.2588190451024118 0.9659258262890975 0 0.1131918491770847 -0 0 1 9.913123506606141 0 0 0 1</matrix>
                <instance_node url="#ID35" />
            </node>
            <node id="ID42" name="instance_5">
                <matrix>1 0 0 0 0 0.7147851114539099 -0.2588190451025224 3.139502693496368 0 0.1915260933758662 0.9659258262890689 -0.1811861360426406 0 0 0 1</matrix>
                <instance_node url="#ID43" />
            </node>
        </node>
        <node id="ID25" name="Component_5">
            <instance_geometry url="#ID26">
                <bind_material>
                    <technique_common>
                        <instance_material symbol="Material2" target="#ID27">
                            <bind_vertex_input semantic="UVSET0" input_semantic="TEXCOORD" input_set="0" />
                        </instance_material>
                    </technique_common>
                </bind_material>
            </instance_geometry>
        </node>
        <node id="ID35" name="Component_6">
            <instance_geometry url="#ID36">
                <bind_material>
                    <technique_common>
                        <instance_material symbol="Material2" target="#ID27">
                            <bind_vertex_input semantic="UVSET0" input_semantic="TEXCOORD" input_set="0" />
                        </instance_material>
                    </technique_common>
                </bind_material>
            </instance_geometry>
        </node>
        <node id="ID43" name="Component_7">
            <instance_geometry url="#ID44">
                <bind_material>
                    <technique_common>
                        <instance_material symbol="Material2" target="#ID27">
                            <bind_vertex_input semantic="UVSET0" input_semantic="TEXCOORD" input_set="0" />
                        </instance_material>
                    </technique_common>
                </bind_material>
            </instance_geometry>
        </node>
        <node id="ID51" name="Component_8">
            <instance_geometry url="#ID52">
                <bind_material>
                    <technique_common>
                        <instance_material symbol="Material2" target="#ID53">
                            <bind_vertex_input semantic="UVSET0" input_semantic="TEXCOORD" input_set="0" />
                        </instance_material>
                    </technique_common>
                </bind_material>
            </instance_geometry>
        </node>
        <node id="ID70" name="Component_8">
            <instance_geometry url="#ID71">
                <bind_material>
                    <technique_common>
                        <instance_material symbol="Material2" target="#ID53">
                            <bind_vertex_input semantic="UVSET0" input_semantic="TEXCOORD" input_set="0" />
                        </instance_material>
                    </technique_common>
                </bind_material>
            </instance_geometry>
        </node>
    </library_nodes>
    <library_geometries>
        <geometry id="ID4">
            <mesh>
                <source id="ID7">
